0 0.35852717046202137 0.20818946953397757 0.34927080896248097 0.20751483681540667 0.33610955568795964 0.38809504696892916 0.34536591718750004 0.38876967968750004
0 0.21807731534494046 0.38425019987720865 0.19515072930669616 0.2024255858062018 0.17032967580848737 0.2055553161867339 0.19325626184673164 0.38737993025774076
0 0.27160529249928367 0.2074876937792157 0.25016533123876183 0.20672799376096931 0.2424336646978472 0.4249281084577152 0.26387362595836905 0.42568780847596166
0 0.3463126969783823 0.21187630306365862 0.319770551740104 0.2039786281584684 0.2656176368326727 0.3859732721269833 0.29215978207095106 0.3938709470321735
0 0.4425168755394021 0.18861429888428 0.4180932296765283 0.1872265025864966 0.4033872377927906 0.4460353338280661 0.4278108836556645 0.4474231301258495
0 0.4920732192969696 0.19205337040358186 0.4609387125582849 0.18930201942138355 0.441587387406285 0.4082831553235846 0.47272189414496973 0.41103450630578287
0 0.5362904554704816 0.2041663174334773 0.5035084829694261 0.20037979108557216 0.47063555874894447 0.4849781799020949 0.50341753125 0.48876470625
0 0.5637388573613887 0.2064458915805673 0.5455382269913043 0.204767140010569 0.519676805305401 0.4851506019605055 0.5378774356754854 0.48682935353050383
0 0.6454597084636172 0.4912882238050657 0.633952213400472 0.21307208184583484 0.6028172167029473 0.21435987851451377 0.6143247117660924 0.4925760204737447
0 0.6763450568472561 0.19913973818026212 0.6638061605849958 0.19779555116810635 0.6360268113361843 0.45692793030434 0.6485657075984447 0.4582721173164958
0 0.7288093194312657 0.20763776335095824 0.6937943402282171 0.20573242171704997 0.6771837319949228 0.5109900676363108 0.7121987111979713 0.512895409270219
0 0.7817582883409627 0.5293891277452688 0.761223341810518 0.21309808095485133 0.7410028046769195 0.21441088336601305 0.7615377512073642 0.5307019301564304