0 0.335353092484217 0.09189641814452075 0.31759620415198886 0.09158467112785455 0.31282610914807246 0.36328588971355963 0.3305829974803006 0.36359763673022577
0 0.3813301609375 0.32841262968749996 0.37748467498353777 0.11064386577965571 0.36488664518614866 0.11086632902812214 0.36873213114011083 0.3286350929359664
0 0.4154008831076895 0.11178710483535381 0.40470612538160494 0.11173872612832572 0.40357300675311325 0.3622296952150255 0.4142677644791979 0.3622780739220536
0 0.4906320640625001 0.3735077859375001 0.45800519062500006 0.11296409999999997 0.43070013187754225 0.11638340641209437 0.46332700531504234 0.37692709234959454
0 0.5475163654622824 0.1115261051690806 0.5291354232137018 0.1111542430631163 0.5250577264497407 0.3127125828977944 0.5434386686983214 0.31308444500375876
0 0.6090114487328642 0.09796816631072088 0.591149412889221 0.09745932223113807 0.5855544789597484 0.29385919087654666 0.6034165148033918 0.2943680349561294
0 0.6612627735841817 0.09974635315127131 0.6516639236833752 0.09874629039895497 0.6354935176528471 0.25395385108714286 0.6450923675536536 0.2549539138394592
0 0.7198761835770425 0.10646303480442584 0.7037476205071782 0.10457984667065423 0.6784740975537251 0.32103491116601657 0.6946026606235896 0.3229180992997881
0 0.78819374661978 0.24374117285745545 0.7834099939723039 0.09808814427548078 0.7666990098216203 0.09863699118550415 0.7714827624690964 0.24429001976747883
0 0.8691710697673699 0.39607925336867555 0.8325421463359206 0.11253187034970158 0.8106974890685507 0.115353784168526 0.8473264125 0.39890116718749996
0 0.9104591254750367 0.11258091732090705 0.8846036135184787 0.10985220970584528 0.8568244360695433 0.3730701707324394 0.8826799480261013 0.37579887834750114
0 0.9406359993323272 0.11145633681927784 0.9217436117732591 0.11109924620266923 0.9170693881875739 0.3583957009714326 0.9359617757466421 0.3587527915880412