0 0.25436101562500013 0.23100237812500005 0.24622412159932608 0.23048541806965214 0.2352880408382962 0.4026181182428445 0.24342493486397024 0.40313507829819234
0 0.3000965654308468 0.38363119815754765 0.2977219053037496 0.22299400691709653 0.2887782668611383 0.22312621852660514 0.29115292698823547 0.38376340976705625
0 0.3287627388180244 0.3745117520139279 0.3263769920056865 0.22431618693991656 0.3201692625 0.2244147921875 0.32255500931233794 0.37461035726151126
0 0.3925214268917771 0.225100063774971 0.3604828525139167 0.22292652259955759 0.3509656112756641 0.3632131869300842 0.3830041856535245 0.36538672810549755
0 0.4756433109375001 0.35768036406250003 0.4447854327975086 0.21398091784178677 0.43177266625026745 0.21677526656712684 0.46263054439025897 0.3604747127878401
0 0.513865628125 0.33293858125 0.4942915672249676 0.23228806863873652 0.487286909375 0.23365030312499996 0.5068609702750325 0.3343008157362634
0 0.54898819195613 0.3484096168524344 0.5359564593750001 0.2323308828125 0.5289908470816107 0.2331128864880402 0.5420225796627406 0.3491916205279746
0 0.6256775621196009 0.33750807989660647 0.5892935373589782 0.2220641138597046 0.5823092092846992 0.22426533731307807 0.618693234045322 0.33970930334997995
0 0.7399421499429046 0.3549449260560885 0.7194069888069029 0.22873125049011386 0.7124199148002361 0.22986805828810147 0.732955075936238 0.3560817338540761
0 0.7854061245621072 0.3866402233590874 0.7827369304400099 0.22416571985026112 0.7652780681939556 0.2244525408066529 0.767947262316053 0.38692704431547914
0 0.8169395207254414 0.22673892552513752 0.8090728947915625 0.2266953820841327 0.8082876649215182 0.368556234538691 0.816154290855397 0.36859977797969584
0 0.8809858537004732 0.2326161457684977 0.8534071428069574 0.23160819542995364 0.8479803262408371 0.3800923016661337 0.875559037134353 0.3811002520046778