0 0.1817162625000001 0.24181422968750002 0.15858622767820738 0.24137274864427458 0.15423169212842644 0.4695151806800878 0.17736172695021918 0.4699566617233132
0 0.26618252656250013 0.24006898750000003 0.24323442068374002 0.23985898897241276 0.24144934464840873 0.4349275655527629 0.26439745052716884 0.4351375640803502
0 0.3121109438891635 0.24444849392078893 0.29956448425420273 0.24404115112579872 0.2957353110826834 0.3619825194833567 0.30828177071764423 0.3623898622783469
0 0.4025887863364617 0.2451881517265746 0.37892998716752396 0.24440977637210173 0.3690544602506381 0.544577435421714 0.3927132594195758 0.5453558107761869
0 0.46621461227389904 0.5256875135305901 0.45345027569296026 0.24322785353132909 0.42746287533401073 0.24440222273168183 0.44022721191494957 0.5268618827309428
0 0.5225841746183867 0.2520179615654263 0.5027908838889336 0.25145038615436677 0.4932199848459121 0.5852202845844691 0.5130132755753652 0.5857878599955286
0 0.579831970639775 0.48719306844783244 0.5501429087766979 0.24642169311201972 0.5149090384294389 0.2507663148717968 0.544598100292516 0.4915376902076094
0 0.6305473621205187 0.24276596152074514 0.6129480159155343 0.24208278892123908 0.6075556375202249 0.38099692909012445 0.6251549837252093 0.38168010168963057
0 0.6946917430632011 0.48865439896716634 0.6763483557579454 0.25587121653329326 0.6630815709856206 0.2569166433069536 0.6814249582908765 0.4896998257408266
0 0.729803114385264 0.48214527074445523 0.719692061344601 0.25492382336330854 0.6976585891390996 0.255904283653072 0.7077696421797628 0.48312573103421874
0 0.7743533613156648 0.5153360130587658 0.7622249140625 0.254081315625 0.7440443955218525 0.254925325177063 0.7561728427750173 0.5161800226108287
0 0.23944119368605482 0.24574616221867346 0.21848254977880277 0.24176455178645964 0.18392147555469757 0.423689242824699 0.20488011946194967 0.42767085325691284