0 0.23732191934353475 0.4193546167372381 0.234810553125 0.1333784609375 0.21341463321255066 0.13356635419151042 0.21592599943108542 0.41954250999124854
0 0.2793005489016975 0.12007820250348075 0.27203633281250006 0.12000627187500004 0.2705791596341237 0.26716501455086517 0.27784337572332113 0.26723694517934593
0 0.3146043498805789 0.1270541994851289 0.30008177516621937 0.1268677767253668 0.29693647997314054 0.371890350677738 0.3114590546875001 0.3720767734375
0 0.368416224310817 0.11380351655240992 0.34332314022514765 0.11311505819466303 0.3367752723645231 0.351773209351733 0.36186835645019244 0.3524616677094799
0 0.4336724935514977 0.10547655301599619 0.42854571490136345 0.10543746848429905 0.4278451233872267 0.1973351441420877 0.4329719020373609 0.19737422867378482
0 0.5115291584699182 0.29775059295976847 0.48449380071128356 0.11743331459664338 0.4587804603939601 0.12128857106989396 0.48581581815259467 0.30160584943301905
0 0.5493984003701533 0.33942847589342284 0.519060553125 0.129584775 0.505721194646757 0.13151329331214515 0.5360590418919104 0.341356994205568
0 0.6249862021917327 0.29755199786287223 0.5835267097941913 0.12428433340397242 0.572149365625 0.12700670468749997 0.6136088580225414 0.30027436914639977
0 0.7202486088552297 0.2488519310840876 0.70579772217805 0.12887992273720034 0.6952006921875001 0.1301563578125 0.7096515788646796 0.25012836615938727
0 0.8001873795257893 0.4021410070747555 0.7556882429119839 0.12957414903010483 0.7227188571361947 0.13495671539284934 0.76721799375 0.4075235734374999
0 0.8072484575331185 0.131094272868828 0.7933203768109995 0.13084649964946568 0.7904447080553536 0.29249652244772467 0.8043727887774723 0.292744295667087
0 0.8616016671421601 0.27467319676202406 0.8596507025582435 0.12296325927315302 0.8392999010410834 0.12322496719862897 0.8412508656250001 0.2749349046875