0 0.31454692358914277 0.32789700454076637 0.27778372322428824 0.1933485237452897 0.2594500189996291 0.19835791246418322 0.29621321936448364 0.33290639325965987
0 0.35976657213678964 0.3449561183818671 0.3534986312131513 0.18090955832183084 0.3331227747013617 0.18168808525246377 0.339390715625 0.3457346453125
0 0.38968272689832983 0.32002340243061567 0.3804858703124999 0.18879022499999998 0.36625761117195826 0.18978734525071378 0.3754544677577881 0.32102052268132947
0 0.44040824538190726 0.34350097861657175 0.420038780441363 0.18713013834852185 0.40567950603668984 0.18900063246402482 0.4260489709772341 0.34537147273207475
0 0.507953072036846 0.28442745958359383 0.49707954610320904 0.17922041591911006 0.48945343586978324 0.18000860180959452 0.5003269618034202 0.2852156454740783
0 0.5526558079335744 0.27714825601874066 0.5271972262951241 0.18667190312452006 0.5151308837253363 0.19006717666908482 0.5405894653637866 0.28054352956330536
0 0.602356941910858 0.18104702317261037 0.5774921122847868 0.18021997037136478 0.5741148648831309 0.28175481932029717 0.5989796945092022 0.2825818721215428
0 0.6472367756183772 0.17695294340108983 0.6383199222852857 0.1768412542715646 0.636736446875 0.3032601640625 0.6456533002080916 0.3033718531920252
0 0.7547771138818243 0.18947921050219926 0.7405388629738301 0.1874597498536971 0.7147275846671547 0.36944272489165797 0.7289658355751489 0.3714621855401602
0 0.7916456243316271 0.1955531869387222 0.7798143015625 0.19168966250000005 0.7280693352828072 0.3501489675834014 0.7399006580519343 0.3540124920221236
0 0.8456926255638855 0.21127124214436432 0.8365818218201488 0.21041394270813085 0.8208909618475969 0.3771658846065755 0.8300017655913337 0.378023184042809
0 0.9006257009370184 0.18828799435383098 0.8899991307224226 0.1877838403768571 0.8810317985246116 0.37679749412135227 0.8916583687392073 0.3773016480983261