0 0.22478377584584677 0.39023638642789127 0.18650709794371534 0.20083798625937194 0.15875880807707804 0.20644580740577673 0.19703548597920945 0.39584420757429606
0 0.23117416406250002 0.4139757781250001 0.22608947373537008 0.21035178974531163 0.21117695983257972 0.21072416981603945 0.21626165015970966 0.4143481581957279
0 0.2721048199233272 0.19151996469763174 0.26073391137451474 0.19067880983952307 0.24491661641929027 0.40450033472479163 0.2562875249681027 0.4053414895829003
0 0.3426981138506954 0.17152593712061978 0.3220564904536736 0.16961518960988411 0.29777774137896035 0.43189620378640675 0.31841936477598215 0.4338069512971424
0 0.45784602564773846 0.18372395127567748 0.4285337375000001 0.18186851250000008 0.4094808445088276 0.48286679750209105 0.438793132656566 0.48472223627776845
0 0.5240893297784524 0.49406093789125816 0.5068035051196627 0.17812939139572143 0.48527479843749993 0.179307309375 0.5025606230962897 0.49523885587053673
0 0.5903593286129801 0.4783634426657926 0.5351525257540131 0.17210207989942408 0.5169263223628817 0.17538754303585374 0.5721331252218489 0.4816489058022223
0 0.6153820640625 0.4016330015624999 0.5918618627178468 0.16294445541005734 0.5709982067265178 0.16500034538723382 0.594518408071171 0.4036888915396764
0 0.6817554981164262 0.48727577479648243 0.6568656554712828 0.17420670213714864 0.6437258983583442 0.1752513485602475 0.6686157410034875 0.4883204212195813
0 0.710408522340005 0.15420305120615926 0.6868922960485543 0.1534850254402713 0.678674606742121 0.4226244498228116 0.7021908330335715 0.42334247558869953
0 0.7561943420839556 0.17490538881739673 0.7349635765369873 0.1726804110795687 0.7072065314090896 0.4375384846539502 0.7284372969560579 0.4397634623917782
0 0.7964982169793815 0.17398665679378117 0.7841905208669264 0.1718926448568653 0.7512383900178567 0.3655710120134244 0.7635460861303118 0.36766502395034023