0 0.29718478257456143 0.3694838240273385 0.24599131440536198 0.13700623327858855 0.22838699708108628 0.1408828480339212 0.27958046525028574 0.37336043878267117
0 0.3389082350190111 0.4072878666313525 0.30091374624655126 0.13450042184969285 0.2766502952118376 0.13787989343298887 0.31464478398429746 0.41066733821464857
0 0.3744853218528374 0.3898819324257254 0.338679784468987 0.1495814158175964 0.3243550031507234 0.15171585356349188 0.3601605405345738 0.39201637017162083
0 0.4262108511385089 0.3368640011920111 0.3771127031610252 0.12525926978642157 0.35994730513859763 0.12924211670387614 0.40904545311608126 0.34084684810946564
0 0.5387748852707097 0.3228268883213074 0.5088687702926413 0.12330423252267049 0.4864912759641027 0.12665835747470475 0.5163973909421711 0.32618101327334165
0 0.5874404868422173 0.34580421950982587 0.5411925038558002 0.12023823240470403 0.5258234893277101 0.12338935430714697 0.5720714723141271 0.3489553414122688
0 0.634665522568149 0.11553037903137771 0.6039581890625 0.11104109062500009 0.5730431476381693 0.32250411135880797 0.6037504811438184 0.32699339976518554
0 0.6710753843925594 0.31342103952633305 0.6584937630698885 0.10919566551322983 0.6350457190108972 0.11064021868167502 0.6476273403335682 0.3148655926947782
0 0.7423104953059858 0.4077920530301829 0.7033550588718805 0.12867130660273948 0.6704168050357115 0.13326832803517843 0.7093722414698168 0.4123890744626218
0 0.7593499450694987 0.18972354415585288 0.7419135740716258 0.11508219055724409 0.7368972522498066 0.11625401346924975 0.7543336232476795 0.19089536706785853
0 0.822453976796931 0.43944563024575 0.7670980650617633 0.1918847058125443 0.7361019898273323 0.1988155896292943 0.7914579015625 0.4463765140625
0 0.8043527549214454 0.11408655416858078 0.7775122273914971 0.11234001890565577 0.758867281898896 0.3988731244270617 0.7857078094288443 0.40061965968998675
0 0.8765892612125894 0.11096991992588075 0.8489967064344999 0.11075089209449496 0.8467945214816744 0.3881764071894119 0.874387076259764 0.38839543502079765