0 0.14912543281250004 0.21026881562500002 0.1386560001629066 0.20953137153106338 0.1250123592126923 0.403229010712068 0.1354817918622857 0.4039664548060046
0 0.18505862362834022 0.4477474659735091 0.18439058462699853 0.22687036715774012 0.1718944398864775 0.22690816153342613 0.1725624788878192 0.4477852603491951
0 0.23728454531844184 0.22617073650755284 0.22632582472083107 0.22367687216583576 0.18642251483212555 0.39902290710256777 0.19738123542973632 0.4015167714442849
0 0.2723755969219695 0.22316554031303526 0.25557787410503047 0.22199288841575657 0.24312863443437643 0.40032277280393647 0.2599263572513154 0.40149542470121513
0 0.3668328009362711 0.23034381310500446 0.3457498496095762 0.22976502378070243 0.3375011189149433 0.5302328804601157 0.3585840702416382 0.5308116697844178
0 0.403493134067152 0.2315658959713946 0.38367551522953314 0.23034388741444323 0.3669210695525369 0.5020549293490821 0.3867386883901557 0.5032769379060335
0 0.4602938063925988 0.2315405859177298 0.438738963950544 0.22990503437535786 0.41791926583617284 0.5042866731805826 0.4394741082782276 0.5059222247229547
0 0.5094553474043405 0.26257867248676336 0.4946556645983146 0.26164109299389704 0.4805845177261653 0.48375400396228596 0.4953842005321912 0.4846915834551523
0 0.5851994201805526 0.5074252879055162 0.5622013714570928 0.2587263852744623 0.5473604927461588 0.2600987727200127 0.5703585414696185 0.5087976753510667
0 0.6247198103360659 0.24403573056108518 0.5909291825713336 0.2395329347754028 0.5419038213207973 0.6074371906859016 0.5756944490855296 0.6119399864715841
0 0.6609787021041783 0.2284032652683421 0.634944630629746 0.2274328154138022 0.6216627922906228 0.5837421363076045 0.6476968637650551 0.5847125861621443
0 0.7588861015624999 0.22039619375000008 0.7312254516014555 0.21956000011132398 0.7208272391014555 0.5635249657363242 0.7484878890624999 0.5643611593750001