0 0.3325340009975056 0.4420568320956191 0.2769067916373736 0.1595872213722232 0.24066674041770736 0.1667240348200682 0.29629394977783935 0.449193645543464
0 0.3382636072070778 0.29879031455083166 0.325818628125 0.17826059687499998 0.3074024043681265 0.18016211563605414 0.31984738345020436 0.30069183331188587
0 0.33848430439907784 0.46403039640201654 0.33341060312500004 0.30226552656249994 0.31649839025388093 0.3027959724873587 0.3215720915279588 0.4645608423268753
0 0.38609194618252013 0.4055301036579264 0.353223471875 0.17734710156250003 0.33748517391095423 0.17961411460696422 0.37035364821847433 0.40779711670239066
0 0.4012650369674641 0.17860055428245758 0.3872513799492495 0.1750253581853422 0.379031440156793 0.2072449662383943 0.39304509717500763 0.21082016233550965
0 0.43282776508032506 0.42732103119126175 0.40428482903159607 0.21590531436350976 0.3914345892456297 0.21764020700973866 0.41997752529435867 0.4290559238374906
0 0.48879902031250005 0.35296734375 0.47409426260357435 0.1719038719056439 0.46660452245087025 0.17251213823968947 0.48130928015979596 0.3535756100840456
0 0.541577565625 0.3570246546875 0.5159194753508184 0.1647168885681698 0.49792560825885984 0.16711766663108282 0.5235836985330414 0.35942543275041305
0 0.587795559375 0.3326810125 0.5685940642608239 0.1550579799467495 0.5538580618999719 0.1566509787446366 0.573059557014148 0.3342740112978871
0 0.6275271750220287 0.1640881132191668 0.6117035750000002 0.16295307031250006 0.5953235146366795 0.39130701358943376 0.6111471146587081 0.39244205649610053
0 0.7249442374695929 0.18187632124084274 0.6961013168992023 0.1805930741857726 0.6817057140934646 0.5041560441129451 0.7105486346638553 0.5054392911680152
0 0.7630934348451276 0.17977943138900937 0.7521141874999999 0.17597685937500004 0.7006000495298723 0.3247147295484908 0.711579296875 0.3285173015625001
0 0.8207341752220267 0.4919556109522925 0.8179213310056946 0.20147770346602015 0.7962784266212407 0.20168728263487767 0.7990912708375729 0.49216519012115006
0 0.892880368214205 0.4981330921041537 0.8696038825317922 0.17223939329037624 0.844640843204834 0.17402234223844865 0.8679173288872468 0.49991604105222615