0 0.19281856744402687 0.20579152475074775 0.1786197989886433 0.20543809357473855 0.17518358466961645 0.3434848047614908 0.189382353125 0.3438382359375
0 0.2311574841253233 0.21905844816377185 0.21594733294074514 0.21757064715167668 0.20242532018919537 0.35580946847176464 0.21763547137377354 0.3572972694838598
0 0.2868597024887515 0.23645054127706375 0.25416174077169085 0.2308603643699351 0.2262476781038782 0.3941347951515151 0.2589456398209388 0.39972497205864377
0 0.3690249603034809 0.41805933049920474 0.33736875477417166 0.22398830340675602 0.3207249853540425 0.2267031784369946 0.35238119088335174 0.4207742055294433
0 0.4616644992891749 0.44990805247725163 0.42151231138505246 0.22044120132885975 0.40420153519410673 0.22347024685289313 0.4443537230982291 0.45293709800128495
0 0.5099982021844974 0.21700622854963755 0.4917487887293552 0.21603887960809792 0.4777292003544641 0.4805238588515559 0.4959786138096064 0.48149120779309557
0 0.5508371081325074 0.3137011666642321 0.544854730955643 0.2214248075303254 0.5275536221284906 0.2225464573174806 0.533535999305355 0.3148228164513873
0 0.6556096903297602 0.20560140970636417 0.6302923372656094 0.20408857236991967 0.6169121466384939 0.42800624151501154 0.6422294997026448 0.429519078851456
0 0.7060315519596819 0.2170213144728304 0.673854782407292 0.21626504670759217 0.6662891954304964 0.5381565246608302 0.6984659649828863 0.5389127924260684
0 0.7557228859650477 0.4938681571215433 0.7505213922507675 0.2197661306971829 0.7196899499395953 0.22035120318086993 0.7248914436538755 0.4944532296052304
0 0.810777492788519 0.22607713335653568 0.7870029979897973 0.22488382749139285 0.7737429685591433 0.4890663057131543 0.797517463357865 0.49025961157829706