0 0.3271166190829137 0.19898437087091425 0.2950053956233344 0.18757038027969092 0.21690548307116342 0.40729053197359316 0.2490167065307427 0.41870452256481644
0 0.3835235260454769 0.1832716055956258 0.3500066802283416 0.16977718745826317 0.2854836822083505 0.33003658910727973 0.31900052802548584 0.34353100724464236
0 0.40828504936596055 0.19689077844460098 0.36268142520845653 0.19490553862615936 0.3515455892552562 0.4507106422574214 0.39714921341276016 0.45269588207586303
0 0.4507283006177249 0.205119991374014 0.42570352883933626 0.20152562429433543 0.38056807218830474 0.5157685707622369 0.4055928439666934 0.5193629378419156
0 0.5280027829120035 0.20429826544814303 0.5154781167729179 0.20290360651381806 0.5033301795638094 0.31199756065415674 0.515854845702895 0.3133922195884817
0 0.5826372719266298 0.17714267209873985 0.5668467216909698 0.17414264139103236 0.5321720527874948 0.3566514736568191 0.5479626030231548 0.35965150436452664
0 0.6323715281919156 0.18993378076418 0.6200749799711381 0.18901897394363976 0.60724743003591 0.3614429030085896 0.6195439782566874 0.36235770982912985
0 0.6801709553956472 0.19760088567908846 0.6660845335472805 0.19405884009507718 0.6178759936621867 0.38578020940230007 0.6319624155105534 0.3893222549863113
0 0.7477824541363707 0.4601425699086472 0.7436438325766319 0.1863369067956568 0.7133003864404428 0.18679555341000453 0.7174390080001817 0.46060121652299496
0 0.8317977848704079 0.4674997977524805 0.7723029959186152 0.18955210021548427 0.7309472319527225 0.19840431403446526 0.7904420209045152 0.47635201157146145
0 0.8591315292253279 0.45622127709283244 0.8368886968750001 0.201645328125 0.8029726704358126 0.2046086421895641 0.8252155027861404 0.4591845911573965
0 0.875291306718017 0.19476657009611756 0.8461518908507832 0.19435664577126754 0.8426663326379348 0.44212708567088466 0.8718057485051686 0.44253700999573464