0 0.23383383451659157 0.18798849359817754 0.2178993802991263 0.18731433243652712 0.21011732415820134 0.3712507920684428 0.2260517783756666 0.37192495323009317
0 0.30591885182480033 0.3621715861056183 0.2734711576930865 0.1886071640062228 0.2558036077885638 0.19191009468996884 0.28825130192027765 0.3654745167893643
0 0.3334521013385493 0.3830691058809703 0.31994386754396065 0.20130924907481917 0.2950225462895878 0.20316137990221722 0.30853078008417645 0.3849212367083683
0 0.5527540375 0.43380298437500003 0.5486614765625 0.175812284375 0.5292487573718578 0.17612023243766378 0.5333413183093578 0.4341109324376638
0 0.6050756203765458 0.4023308878468341 0.5992446807298388 0.17214972391930136 0.5587163677133158 0.17317638545471958 0.5645473073600228 0.4033575493822523
0 0.6544394996170997 0.18160082662960722 0.632940395139525 0.18159259500808633 0.6328024109734958 0.5419755395100705 0.6543015154510703 0.5419837711315914
0 0.830810479643527 0.2047907682619044 0.8033396042684091 0.20459882175205407 0.8012908954693672 0.49780459112126874 0.828761770844485 0.4979965376311191
0 0.7704783084280727 0.17951053948940177 0.7413310783386224 0.17890967857779722 0.7347515365746043 0.4980774160278093 0.7638987666640547 0.49867827693941386
0 0.7166168720427765 0.18103624294182938 0.6918826888331238 0.1806861856422617 0.686591340594082 0.5545597684304733 0.7113255238037346 0.554909825730041
0 0.4816233376732342 0.4111205783738631 0.45205173141151594 0.19934626231204336 0.4117268963582041 0.20497711579295924 0.4412985026199223 0.416751431854779
0 0.36469088750000006 0.20989057031250008 0.34399524774013984 0.20760588340099256 0.3206652077478308 0.41893904280766947 0.341360847507691 0.421223729719177
0 0.5122622170239833 0.17039603646022694 0.4812117548653143 0.1702461718521199 0.47979172014344246 0.4644632985801899 0.5108421823021115 0.46461316318829693