0 0.18370605928463896 0.353673301638411 0.18277339787699937 0.21381476150877138 0.16467728840011236 0.21393543732107334 0.16560994980775195 0.35379397745071295
0 0.22431881097200482 0.2116141797650429 0.2165909571888356 0.21084415771967388 0.2089426605217576 0.287601594326769 0.21667051430492684 0.28837161637213804
0 0.29523635273032467 0.4031963036794835 0.27379668937390955 0.2189764280285587 0.26258484888331635 0.22028127141136297 0.2840245122397314 0.4045011470622878
0 0.33826330859338666 0.4059895399808216 0.33365817864632996 0.2053459724687266 0.32055135316504957 0.20564679763488125 0.32515648311210626 0.4062903651469762
0 0.42599274176235485 0.1989591824478798 0.4157235928344494 0.19811704434063013 0.40376381327263894 0.34395625575722255 0.4140329622005444 0.3447983938644722
0 0.4839335338906439 0.5185111278698358 0.48336369981558525 0.20524707547260715 0.46391286768992906 0.20528245695621056 0.46448270176498774 0.5185465093534393
0 0.5392018425128084 0.40323967627900953 0.5176250646967032 0.20101268562707625 0.49924965039569447 0.2029732658165632 0.5208264282117996 0.40520025646849656
0 0.7973895609375 0.5150201125 0.7777693063593973 0.20557365622992552 0.7539775106749649 0.20708215981347072 0.7735977652530676 0.5165286160835453
0 0.7281123118186911 0.20684857186671488 0.7046927541526848 0.20630428537882356 0.697125239498427 0.5319192873612313 0.7205447971644332 0.5324635738491226
0 0.6761804881390907 0.1956335722157077 0.6551847573806221 0.19202175312099717 0.6318748004915313 0.3275239934052895 0.65287053125 0.3311358125
0 0.6231799373235523 0.1961364654405608 0.5875752592970216 0.19444826026319204 0.5760972452989703 0.4365225047111257 0.611701923325501 0.4382107098884944
0 0.5784390413637178 0.4884272774335983 0.5557866203125 0.2035090828125 0.5289230059082246 0.20564487447456797 0.5515754269594424 0.49056306909566627