0 0.1723076366566428 0.4554881205607163 0.15213702614793984 0.22416141361247574 0.12793762717473103 0.2262714883966316 0.148108237683434 0.4575981953448722
0 0.21139383661339436 0.21378176820555508 0.20041366954171638 0.2125113566536722 0.18281157501315243 0.364646260062459 0.1937917420848304 0.36591667161434177
0 0.2700219140625001 0.21471172187500004 0.24368961537214012 0.21224717739645454 0.22720123382092883 0.3884164418210716 0.25353353251128874 0.3908809862996171
0 0.32005505405546225 0.22197607409311643 0.29942919267951285 0.21991547832156538 0.2776947047858932 0.43747029453552433 0.29832056616184255 0.4395308903070753
0 0.40315749520447053 0.5497357651218053 0.38518955642461344 0.22902643686043694 0.37246329825235797 0.22973943335784278 0.39043123703221505 0.5504487616192112
0 0.4857347139030407 0.5337662540659729 0.45070525475560996 0.22917963958529194 0.42294370652788266 0.23237239978314456 0.4579731656753133 0.5369590142638254
0 0.5035060738650909 0.21991567762908745 0.4881881140233991 0.21987812115493952 0.48764087933894495 0.4430758283581989 0.5029588391806368 0.44311338483234686
0 0.5442735288954457 0.22133924545141284 0.5275424546404276 0.2197352439966572 0.5066483261900502 0.4376784469536684 0.5233794004450683 0.439282448408424
0 0.6434155545663728 0.22165656234333628 0.6158089622961948 0.21943699689155807 0.5917172415205144 0.519085881770512 0.6193238337906924 0.5213054472222901
0 0.7209963137768987 0.2152137702230308 0.6866604244681735 0.21201920755309303 0.6554769224013535 0.5471866109978937 0.6898128117100786 0.5503811736678315
0 0.7812551637769634 0.506579908811958 0.7613634938221163 0.22140778297006314 0.7399271236212113 0.22290303851023027 0.7598187935760583 0.5080751643521251