0 0.23483722558538372 0.36996021982046245 0.22763505061864925 0.19776556849599908 0.20966266252959423 0.19851727757982843 0.21686483749632868 0.37071192890429183
0 0.2789758723517003 0.18516843039873904 0.2647636369948695 0.1849696941742982 0.26196015928296046 0.38545496137403246 0.27617239463979126 0.3856536975984733
0 0.30932736675909206 0.18904575358194156 0.29818866078225714 0.1888611449015975 0.29517037181639677 0.37097518894970466 0.3063090777932317 0.37115979763004875
0 0.3592718089226663 0.17531396643234065 0.34394745398706766 0.1743990353581026 0.33374510650110345 0.34528009782659186 0.3490694614367021 0.34619502890082987
0 0.4817056664723983 0.18422142141057046 0.46756744877568923 0.18274373570730904 0.4566772654121382 0.2869389531416641 0.4708154831088473 0.2884166388449255
0 0.5287304453125002 0.17623420625000008 0.5163032655589542 0.17604530454844924 0.5142769999999461 0.30934620191191503 0.5267041797534922 0.30953510361346587
0 0.583567671554466 0.16221523836564017 0.5674430708939879 0.15960991023590462 0.5467451722482228 0.28771099138758793 0.5628697729087009 0.2903163195173234
0 0.6164422912283387 0.333583807869918 0.6146154323101471 0.17100442181337142 0.604484370605533 0.17111826170952765 0.6063112295237245 0.33369764776607425
0 0.7340499390625002 0.16565433281250008 0.7204508746280831 0.1642288713472469 0.7039787191123906 0.32137510763070215 0.7175777835468076 0.32280056909595534
0 0.7650586794505532 0.17304777096012247 0.7518731489440404 0.17211237290289483 0.7431895205147749 0.29451827986046775 0.7563750510212877 0.2954536779176954
0 0.8040391745462279 0.17886041585149232 0.7959406082081294 0.17844485782542907 0.787723900308822 0.33857545290432733 0.7958224666469204 0.3389910109303906
0 0.8599314187233746 0.17337116551421988 0.8518981404697594 0.17287788931428705 0.8433616957797121 0.3118986559782463 0.8513949740333272 0.3123919321781791