0 0.2172639990222784 0.16525893043199733 0.2017700595753317 0.16505383784809277 0.19921316261760794 0.358217363709637 0.21470710206455462 0.3584224562935415
0 0.279238257636912 0.42099452738562526 0.23971266758927223 0.17186025599377303 0.21926553245791008 0.17510422992130928 0.2587911225055499 0.42423850131316143
0 0.3087466602559964 0.4749917304647968 0.304208189634591 0.1759814670079946 0.2866649562628014 0.1762477436512839 0.2912034268842068 0.47525800710808613
0 0.35890299763623074 0.49012113687071707 0.356564251392682 0.16804684486629032 0.3342463965702118 0.16820890623047208 0.3365851428137606 0.4902831982348988
0 0.4852640366895528 0.4820910943508676 0.4762286594897436 0.19231324277253486 0.4601704867895472 0.19281394234876434 0.46920586398935643 0.482591793927097
0 0.5501415203086613 0.4091842401385744 0.5191751109345832 0.17956706238143022 0.49193943072384777 0.18324009430014465 0.5229058400979258 0.41285727205728884
0 0.5918182255608658 0.45983691557456235 0.5571653579785838 0.17656992193562956 0.5295909671235022 0.17994317662615383 0.5642438347057842 0.4632101702650866
0 0.6229755565972799 0.17238790200716006 0.5944905342868869 0.1696829510715393 0.568495063881875 0.4434334079484925 0.596980086192268 0.4461383588841132
0 0.7268376363532424 0.50734809644877 0.6943700843750001 0.18542601562500005 0.6696972376795909 0.18791440328230066 0.7021647896578331 0.5098364841060707
0 0.7884178137936667 0.47115472375936235 0.7431808214394378 0.15973778819296325 0.7239724780946638 0.16252802719985784 0.7692094704488929 0.47394496276625686
0 0.8397843802459348 0.5271567184748694 0.8026839110693207 0.17687274348577 0.7840307409346166 0.17884840156048 0.8211312101112307 0.5291323765495795
0 0.8796769635901663 0.18299426919466272 0.8484376299754091 0.1825515913695693 0.8437195954648669 0.5154985919329451 0.874958929079624 0.5159412697580386