0 0.22027391561108675 0.41516718380110695 0.19147915529026563 0.14120513724809575 0.1727318097315613 0.14317557559459876 0.20152657005238245 0.41713762214761
0 0.24148202284131526 0.13485336192779426 0.22848443509445993 0.13441319569117194 0.21986226153488891 0.38901577100249485 0.23285984928174425 0.3894559372391172
0 0.3060532792792075 0.4337629460133412 0.28076727646243543 0.14393252203229173 0.2581023171677452 0.14590990665843104 0.28338831998451725 0.43574033063948053
0 0.3527877139668487 0.41358269862968494 0.3252680931247296 0.14335628890887797 0.3022826467010845 0.145697106636942 0.32980226754320363 0.41592351635774893
0 0.4301658373854841 0.13822153322689645 0.4154694343750001 0.13665030312500007 0.38801540877403995 0.3934398236445485 0.4027118117845239 0.3950110537464449
0 0.48833102656249994 0.39440808749999995 0.47577192235489285 0.13824629999688043 0.4517223508168164 0.13942540277422705 0.4642814550244235 0.39558719027734657
0 0.5511159153016353 0.4199189882134906 0.5211889418548028 0.14210123587270945 0.4833979882035101 0.14617213795482487 0.5133249616503426 0.423989890295606
0 0.5549976749793875 0.13513019741884635 0.5395325087809655 0.13475837301957666 0.5338763616016697 0.3700125853368597 0.5493415278000917 0.3703844097361294
0 0.6298466963835005 0.16589947734359223 0.6076110156250001 0.1655735296875001 0.6034001501702677 0.4528327205986907 0.6256358309287682 0.4531586682547828
0 0.6892776987737178 0.4329552188333613 0.6536613217326315 0.1434647325437114 0.6359479439918017 0.14564403158864564 0.6715643210328881 0.4351345178782955
0 0.7378375730018477 0.4613933340934997 0.7059665515625 0.14937608124999996 0.6811861157827883 0.15190728038342644 0.7130571372221359 0.4639245332269262
0 0.7952546000500258 0.4458023538658672 0.752797781503744 0.16003758517435399 0.7144458978639511 0.16573562476145426 0.7569027164102329 0.4515003934529675