0 0.19398629216866625 0.4351190833178782 0.16526499094561722 0.1643106481530107 0.14517852888283014 0.16644097074454828 0.17389983010587917 0.43724940590941574
0 0.21491634778611002 0.46896452959541246 0.20755273572284638 0.1589977793853757 0.19560996628793198 0.1592814934321892 0.20297357835119562 0.469248243642226
0 0.2669879504098148 0.35920716280981796 0.23343713906249994 0.1647028546875 0.20701770028834465 0.16926004735212824 0.24056851163565957 0.3637643554744462
0 0.33791655785612873 0.4211043167562374 0.27950230624999994 0.1546098609375 0.24830308826541306 0.1614485734490493 0.3067173398715418 0.42794302926778666
0 0.4063288925198848 0.4082816718628798 0.38923039218750005 0.15305709375 0.37337242097117185 0.1541194817383285 0.39047092130355665 0.40934405985120825
0 0.43904286770418804 0.42981028710307745 0.4356607902615165 0.16267208219791682 0.41914295065811824 0.16288120471090275 0.4225250281007898 0.43001940961606333
0 0.498456459375 0.4484928640625001 0.46488009658838003 0.15779521127181884 0.44352155617221556 0.1602621802848855 0.4770979189588355 0.45095983307556675
0 0.5157122933649847 0.47629731414798326 0.5117254871606326 0.17233297454665703 0.4999184607771049 0.17248783589026903 0.503905266981457 0.4764521754915953
0 0.6284282000000001 0.513693771875 0.6126929838572578 0.16390161389057695 0.5823681229263351 0.16526576180057073 0.5981033390690774 0.5150579197849938
0 0.6888185695870457 0.4991880269457417 0.6535215874403209 0.17392311921897324 0.6179934373606664 0.17777855043604493 0.6532904195073911 0.5030434581628134
0 0.7362567288584934 0.519448075686627 0.7075892562955743 0.18546089102513874 0.6779245751401758 0.18800713073781533 0.7065920477030948 0.5219943153993035
0 0.7622124641313498 0.19411133885912793 0.7407947709743188 0.1928550273015449 0.7214728674719935 0.5222562796618468 0.7428905606290244 0.52351259121943