0 0.25603979218750006 0.3173189875 0.24220128433945107 0.1444697021458095 0.23083351140406744 0.1453798188099241 0.24467201925211635 0.3182291041641146
0 0.3037771031918587 0.3250554582194227 0.29333561721105406 0.14466319942129596 0.2773434201030137 0.1455888616587911 0.2877849060838183 0.3259811204569178
0 0.3306863891838907 0.147268533843743 0.2928069517647613 0.14707229604780042 0.29178320873842395 0.344683616095237 0.32966264615755336 0.3448798538911796
0 0.3669593572815999 0.14522622774519547 0.35744692536487704 0.14495048442180453 0.3506275377382005 0.3802017308156693 0.36013996965492334 0.38047747413906025
0 0.45328967701129813 0.1475897023503351 0.4264071258015597 0.14608201391330086 0.41677009612320004 0.31791323412739403 0.4436526473329385 0.3194209225644283
0 0.5116047063095506 0.15484939444152598 0.47839038798419686 0.14791008835889013 0.4397786029444248 0.33272166809742 0.4729929212697785 0.33966097418005586
0 0.5309850711356761 0.15533517063785554 0.5165093238537624 0.15531508168573363 0.5162736339179663 0.3251491241369076 0.53074938119988 0.3251692130890295
0 0.5669841959025126 0.14734021191663565 0.5381901146467326 0.14713385627903808 0.5366405977615687 0.3633475522945647 0.5654346790173487 0.36355390793216225
0 0.7003753616561312 0.40353214802456455 0.6682401351726714 0.1535995084804002 0.645531227743745 0.15651931873308036 0.6776664542272048 0.4064519582772447
0 0.7220748760157114 0.1587860817032596 0.7076395658686052 0.15777988361801773 0.693909833263032 0.3547519821592732 0.7083451434101382 0.3557581802445151
0 0.7781180916669375 0.15502549384478923 0.7630305929546408 0.15391720955053123 0.7452690257712802 0.3957122285684026 0.7603565244835768 0.3968205128626606
0 0.8328446141741539 0.36530957572196593 0.8138785583536489 0.15341028947631555 0.7951736847798013 0.1550844700863711 0.8141397406003064 0.36698375633202146