0 0.2612941277331371 0.3597615402853189 0.244399300888196 0.15752775653668655 0.22515450768513218 0.15913548716806608 0.2420493345300733 0.36136927091669846
0 0.29327596569801717 0.1553269862265701 0.28444051243743884 0.1551510575269597 0.280544890936668 0.3507961215056535 0.28938034419724634 0.3509720502052639
0 0.34703966747227366 0.3142781746114481 0.3296580347547953 0.15534018748396267 0.3174331791374694 0.15667711111188126 0.3348148118549477 0.31561509823936673
0 0.3779671353034154 0.16254744039533928 0.37103491207891953 0.16242172245591965 0.36775789958089233 0.34311973779611243 0.37469012280538816 0.3432454557355321
0 0.37718912368216734 0.3467306543492788 0.36872281404871554 0.3458617244677601 0.3648050278665482 0.3840341841809814 0.3732713375 0.3849031140625001
0 0.46545702789139626 0.34575364150629295 0.46385787019240154 0.15959820785440273 0.4472635876135054 0.15974076009810978 0.4488627453125001 0.34589619375
0 0.5171582384268378 0.17408764545300756 0.5087087818466796 0.17358324081244697 0.49889657622606504 0.3379508906715406 0.5073460328062233 0.33845529531210117
0 0.5651637032311967 0.2936615595679795 0.5626952308130668 0.17648853783898727 0.5373342557185967 0.17702281498396327 0.5398027281367266 0.2941958367129555
0 0.6124296052941272 0.18093635635942257 0.6015182665095925 0.18022862270735135 0.5918926959934281 0.3286288868306265 0.6028040347779626 0.32933662048269774
0 0.6984363620376595 0.3275607242999161 0.6810771322820488 0.18084753521737446 0.6696876876017472 0.1821951440331227 0.6870469173573579 0.32890833311566436
0 0.7397144015847811 0.3725684355845411 0.7342421095981099 0.17595953123681993 0.7131851565812988 0.176545617587486 0.71865744856797 0.37315452193520715
0 0.7753048704533982 0.1771733211446371 0.7578575943703584 0.17622536957704343 0.7481894236364084 0.3541703720220427 0.7656366997194483 0.35511832358963635
0 0.8272708847056343 0.38310613605065424 0.8102279803540308 0.16969969301592408 0.7914237242096301 0.17120142433347346 0.808466628561234 0.3846078673682037