0 0.14875527743011166 0.38824507213626125 0.13484565656528127 0.19246098678976392 0.11999599017280516 0.19351599199676534 0.13390561103763554 0.38930007734326266
0 0.20871734703321257 0.4064004048531027 0.19053223730894892 0.20647409401241684 0.17839891163035942 0.20757772993636087 0.19658402135462308 0.40750404077704666
0 0.2783081960576741 0.4862209448980452 0.24554596930924247 0.2120400300062233 0.2272499452322167 0.21422624522708497 0.26001217198064835 0.4884071601189069
0 0.3174181618645798 0.4812675284180393 0.29217811395084825 0.20238407361802196 0.27371157252587325 0.20405536814032166 0.2989516204396047 0.482938822940339
0 0.38728171875 0.3482292390625 0.38656338971489024 0.1821884707490831 0.3671314867940973 0.18227253745280428 0.36784981582920706 0.34831330576622116
0 0.46424787254897903 0.35659316597184126 0.4378392574329063 0.16869396614999027 0.38916477230783747 0.17553500509459288 0.4155733874239102 0.3634342049164439
0 0.5038542907913703 0.3877807892652201 0.49082873576838526 0.17266675010487653 0.47635940573882474 0.17354289494033884 0.48938496076180976 0.38865693410068236
0 0.5434341251515209 0.17721369436278728 0.5187845278821644 0.17646055489407497 0.5138534497023474 0.33785043855535907 0.5385030469717038 0.3386035780240714
0 0.6752319642582987 0.41999446805249985 0.6262462515625 0.1897534609375 0.5963847963315437 0.19610673694576317 0.6453705090273425 0.4263477440607629
0 0.724227714595117 0.48610533191569505 0.6742141371544735 0.19155951110027142 0.6483979792039861 0.19594306816892082 0.6984115566446296 0.4904888889843445
0 0.7521682633183034 0.44037146888321327 0.7209873125 0.19538365 0.6862151445626401 0.19980929558206653 0.7173960953809434 0.4447971144652797
0 0.7674442146358912 0.4273555616106127 0.7556500762328312 0.2016623773473975 0.7287469496192271 0.20306826472406656 0.740541088022287 0.42876144898728163