0 0.23615629157015472 0.19023031183410258 0.22067498417890907 0.18833377464895704 0.20176142983138584 0.34272386570987534 0.2172427372226315 0.3446204028950209
0 0.2749817731536464 0.17864286017917244 0.2649945531906827 0.17828671670693566 0.25906559233231163 0.34455071102488993 0.2690528122952753 0.3449068544971267
0 0.32851870705268676 0.17943204175362565 0.312171466365322 0.17685953591407658 0.2898659891986384 0.31860187845204735 0.3062132298860031 0.3211743842915964
0 0.37740341819553935 0.17580891072953117 0.3636705742228428 0.17433928649983715 0.34064965910402367 0.38945729357111464 0.35438250307672015 0.3909269178008087
0 0.4634925173284084 0.18508646589346855 0.44044211371853653 0.18267506571676662 0.42228840556798924 0.35620507700599496 0.44533880917786106 0.3586164771826969
0 0.5010503127242034 0.18925144987829975 0.4827167466253802 0.18894728277925815 0.47935138437499997 0.39179332187500004 0.4976849504738232 0.3920974889740417
0 0.5564087215988296 0.1877191900322682 0.5428900498112255 0.18761391630239305 0.5412158302702792 0.40260795613829536 0.5547345020578833 0.4027132298681705
0 0.6042773765625001 0.2020893500000001 0.5861085865987874 0.20141229908614897 0.5778285393392152 0.4236089411275419 0.5959973293029279 0.424285992041393
0 0.6948393203468893 0.19568506756400236 0.6694875573580918 0.1934219447992646 0.6509635077005267 0.40093049176301154 0.6763152706893243 0.4031936145277493
0 0.7511355178222278 0.19561175554312363 0.7365464552847761 0.19532163056425533 0.7330123867914314 0.3730338236410534 0.7476014493288831 0.3733239486199217
0 0.8161589443575524 0.21032883381886633 0.7960310986215617 0.20935974999190976 0.7862821906249999 0.41184431406250016 0.8064100363609906 0.4128133978894567
0 0.8524614238929905 0.2018247353558032 0.8359139344074444 0.2007078782869157 0.8226203375000003 0.3976674187500001 0.8391678269855463 0.3987842758188876