0 0.23075323399754427 0.33897161985282 0.19533369183406418 0.12233517132060881 0.1734978494561434 0.12590527942116175 0.2089173916196235 0.34254172795337295
0 0.2455646506373325 0.12922768856931732 0.22251090231989717 0.12873545471220252 0.21765282656250004 0.3562631921875 0.24070657487993535 0.3567554260446148
0 0.29948817812500006 0.31815787187499994 0.2898548989639299 0.12724964649318113 0.2795277678728051 0.12777075623863504 0.2891610470338752 0.3186789816204538
0 0.346693771875 0.12481141875000004 0.3323777390625 0.12481141875000004 0.3323777390625 0.360591046875 0.346693771875 0.360591046875
0 0.4482460605227561 0.3417291931912732 0.42311055860922603 0.13104081678009655 0.4039152534075766 0.1333308511846773 0.4290507553211067 0.3440192275958539
0 0.48847210067879665 0.34181304823080677 0.4791359700339554 0.12484917858556592 0.4504314584176588 0.1260843569172591 0.45976758906250004 0.3430482265625
0 0.5376342714072961 0.13227117630697555 0.516784959537075 0.12985287206936733 0.490719988883032 0.3545709590672982 0.511569300753253 0.3569892633049064
0 0.5860501515529383 0.12175097020470023 0.5618982124999999 0.12157288125000007 0.5600386722166227 0.37375867045985567 0.5841906112695611 0.3739367594145558
0 0.6665519975839403 0.3031463969177157 0.6604509390869081 0.1223251390918546 0.6395173968447175 0.1230314540865921 0.6456184553417498 0.3038527119124532
0 0.710168115507203 0.35983759668231263 0.6991778696664968 0.13033729039436306 0.6831127410785898 0.1311066127342737 0.694102986919296 0.3606069190222233
0 0.7417175493029677 0.13820714805330575 0.7313545507531554 0.13754174782244966 0.7170527806853465 0.36027870461877215 0.727415779235159 0.3609441048496282
0 0.7768685076542631 0.13509910162719407 0.7647940577791258 0.13438375452481635 0.7515494234119602 0.35794190307857454 0.7636238732870975 0.3586572501809523