0 0.20534616594258398 0.2811374426203552 0.19678682575363632 0.2801243923422687 0.1810888409417085 0.41275788072155795 0.18964818113065615 0.41377093099964446
0 0.2748265208954854 0.27795145821955397 0.26458413611383735 0.27370088157917094 0.20438791224679118 0.41875246855466247 0.21463029702843928 0.4230030451950455
0 0.328900267308968 0.28537574567084273 0.30538932376167754 0.2776290292448335 0.2533121136331413 0.4356810709229816 0.2768230571804318 0.4434277873489908
0 0.3650959330763038 0.28931569499753895 0.35973137187500004 0.2851457546875 0.34344577786119623 0.30609690968996106 0.3488103390625 0.31026685000000004
0 0.34785686562500007 0.3124932218750001 0.33424910639359345 0.30978929421457446 0.31303302437639247 0.4165611358393617 0.326640783607799 0.4192650634997873
0 0.46097376108798677 0.2776561838489651 0.4518099102936768 0.27526942232943225 0.4082482023306899 0.44252240879296717 0.4174120531249999 0.4449091703125
0 0.5128931825720326 0.28249291561626044 0.500763987127793 0.2802301249202494 0.4648393810313701 0.47279613174048424 0.47696857647560975 0.4750589224364953
0 0.5565183805985787 0.4413213508532028 0.5502073404514742 0.279080568345365 0.5366105286028957 0.2796094737421622 0.5429215687500001 0.4418502562500001
0 0.542259209375 0.4422268718750001 0.5358505814420964 0.4399315304868029 0.5248860658170964 0.4705446242368029 0.53129469375 0.4728399656250001
0 0.6113810215350741 0.27361872467964066 0.6036828700058502 0.27265718766272506 0.582165275163289 0.44492898035338924 0.5898634266925129 0.44589051737030483
0 0.6795603190876689 0.2913934136095373 0.6698731596229136 0.2891946081124702 0.6272839188438633 0.4768277423118478 0.6369710783086184 0.47902654780891496
0 0.7196206848409138 0.28515251050012136 0.7073680426951209 0.283162499102244 0.6810847281667073 0.4449907417271227 0.6933373703125001 0.4469807531250001
0 0.781170392337722 0.28786070555054444 0.7613822715926164 0.2832810778816405 0.7174356386298946 0.4731701567060961 0.7372237593750001 0.4777497843750001
0 0.8194729583038327 0.30068655260507143 0.8099255124833242 0.2996873803183572 0.7888955255325005 0.5006363694854412 0.7984429713530091 0.5016355417721554