0 0.15653490812815707 0.28007709274559334 0.15473908472403447 0.11625474154908125 0.13097998787777573 0.11651518917338707 0.13277581128189836 0.2803375403698992
0 0.18556213177396122 0.10258256671160196 0.16920474409421035 0.1023151720966073 0.1663961487301699 0.2741259739187817 0.18275353640992073 0.2743933685337764
0 0.22463703962233642 0.10388182929762672 0.212619143959567 0.10350613145812382 0.20651341878402846 0.29881725755417154 0.21853131444679788 0.2991929553936744
0 0.2869669280303754 0.10591426683175953 0.27450083982217804 0.1042679436134251 0.25465831431019165 0.2545170991565762 0.26712440251838904 0.25616342237491063
0 0.32420308097471545 0.10578749965799879 0.3135546689019916 0.10420888303811808 0.28788321875 0.2773732703125 0.2985316308227238 0.2789518869323807
0 0.37763957613658733 0.26344520820841566 0.36069779287364595 0.1096551866557022 0.34780908236205865 0.11107503000978654 0.36475086562500003 0.2648650515625
0 0.43889682449173 0.10873413141803337 0.41729790264682853 0.10573646702366302 0.3952733072737128 0.2644291862696507 0.41687222911861427 0.26742685066402105
0 0.492391003125 0.10675324375000003 0.48252739375000003 0.10675324375000003 0.48252739375000003 0.24797469687500007 0.492391003125 0.24797469687500007
0 0.6212964722044162 0.11580029375513963 0.5893875563671517 0.10694231004059365 0.5516438290572824 0.24290569142924548 0.5835527448945468 0.25176367514379144
0 0.6589805326784594 0.11394631378617195 0.6450209050288499 0.11232273738267122 0.6274008875865752 0.2638209250524512 0.6413605152361846 0.26544450145595194
0 0.7097933706481867 0.11857904556645235 0.6939457296459112 0.11816723528100352 0.6885472570566781 0.3259159452520148 0.7043948980589536 0.3263277555374636
0 0.7740100143135974 0.1259345963459247 0.7590601891323469 0.12498311543469678 0.7480874800159962 0.297388132832748 0.7630373051972468 0.2983396137439759