0 0.24552190390460993 0.3300106075667928 0.18890092052226193 0.10031249751608937 0.17742979938358436 0.10314014881555629 0.23405078276593239 0.3328382588662597
0 0.250197969091302 0.3385087680745319 0.23737445121020304 0.10195771152577984 0.2270961119146723 0.10251490399689897 0.23991962979577125 0.339065960545651
0 0.3019564192487869 0.10636951793377705 0.2850470015625 0.10484861562500006 0.2677655249737846 0.2969843656912611 0.28467494266007154 0.29850526800003807
0 0.3366545406207834 0.27869129014929167 0.33553931925176134 0.10317310201428084 0.3096215145684779 0.10333778061498919 0.31073673593750006 0.27885596875
0 0.42043742812499996 0.10587954218750004 0.395835928125 0.10587954218750004 0.395835928125 0.26552422187500013 0.42043742812499996 0.26552422187500013
0 0.4611725598358837 0.10691233883734148 0.44791782944783665 0.10658743818756163 0.44444018038280814 0.24846250298791736 0.4576949107708552 0.24878740363769722
0 0.5037039950197688 0.11146678744216032 0.4860833827623936 0.11068455248078712 0.47757295312500003 0.3023903546875001 0.49519356538237524 0.3031725896488733
0 0.5905148534261497 0.10308385059288978 0.576420415625 0.10005925625000008 0.5384745524720425 0.27688482271896675 0.5525689902731922 0.2799094170618564
0 0.6183109264763132 0.11088512174510332 0.6066401957604913 0.1103169780884861 0.5964819526865733 0.3189862434771756 0.6081526834023953 0.3195543871337928
0 0.6843842947760665 0.32984255378577515 0.6673183390624999 0.10235359062499998 0.6517103220288075 0.10352448579183644 0.668776277742374 0.33101344895261164
0 0.74639330840312 0.32458082073232 0.7158573098116264 0.09666034123978764 0.6870260684289162 0.10052305137541762 0.7175620670204098 0.32844353086795
0 0.7849267889814723 0.3213786373872972 0.765914800156881 0.09283818659932949 0.7494062298440488 0.09421151352336159 0.7684182186686401 0.32275196431132935