0 0.2429926599056182 0.4683348364326124 0.20529098566416648 0.16087008307432968 0.19060826787306429 0.16267049446162857 0.228309942114516 0.47013524781991134
0 0.2750783922577239 0.4535151484409588 0.2641552342654 0.12344428194308255 0.24698661226930377 0.12401244953861632 0.2579097702616277 0.4540833160364925
0 0.36013275669356065 0.4301926629537537 0.2898138464056834 0.1492640827798699 0.26789450085215144 0.15475068899342698 0.3382134111400286 0.43567926916731076
0 0.40734376863303695 0.4247443627944878 0.3443354376690674 0.147147536225883 0.3203978406256533 0.15258084054581125 0.383406171589623 0.430177667114416
0 0.4295351184929669 0.2994149803778249 0.4058027975287136 0.1474391933970447 0.39542243534757976 0.14906017586998968 0.41915475631183297 0.30103596285076983
0 0.499371591807126 0.44732701344016484 0.4875959780029288 0.16438986841895833 0.4561055359375 0.165700475 0.46788114974169714 0.44863762002120644
0 0.5519174834824885 0.33869176722682537 0.5458396021594323 0.15026153429994274 0.5324921050569567 0.1506920623637708 0.5385699863800129 0.3391222952906534
0 0.5864186241683608 0.1420295402054111 0.5660936055295702 0.1416389474233116 0.5618664639080004 0.3616039242091212 0.5821914825467911 0.36199451699122065
0 0.6971019151417436 0.45377798670254704 0.6613635144359684 0.15329009375075253 0.6423910051352211 0.1555465811357299 0.6781294058409962 0.45603447408752446
0 0.7485176573102409 0.4526668850419549 0.7213949813915956 0.15927444394706905 0.7087806814542223 0.16044057340788673 0.7359033573728676 0.4538330145027725
0 0.7920667593868964 0.3472809387466736 0.7752060743085528 0.14802465932699788 0.7493122083715978 0.15021574871346735 0.7661728934499414 0.34947202813314304
0 0.8789962016751203 0.4117067130425183 0.8116926624116235 0.16171442389709173 0.7947394077547861 0.1662786208342891 0.8620429470182828 0.41627090997971566