0 0.19718885431362038 0.17904176191075036 0.1780386390625 0.17809472343750002 0.1709117124640218 0.3222094371421829 0.1900619277151422 0.32315647561543326
0 0.22350010962246478 0.17345100851325704 0.20162147761735386 0.17209331262011265 0.18868934744393645 0.3804885199232155 0.21056797944904737 0.38184621581635986
0 0.2663144064937869 0.41005563348920393 0.26066280937192665 0.14649400546148797 0.24531928905370953 0.14682301919508248 0.2509708861755698 0.41038464722279844
0 0.33491246254157203 0.40280600346565976 0.3255451157015746 0.15353969896188255 0.2945703578125 0.1547037203125 0.3039377046524974 0.4039700248162772
0 0.3879427747148067 0.15744642221145824 0.3721521795665936 0.15736453419230031 0.3709463816374348 0.3898804397630513 0.38673697678564795 0.38996232778220924
0 0.45475864990133397 0.3442760052021233 0.41309568022269544 0.14198100649523332 0.3824574601227499 0.14829099558636752 0.42412042980138853 0.3505859942932575
0 0.46475701767922695 0.27517202640129856 0.44828804204733447 0.13811738633821916 0.4317737050383199 0.14010180812542128 0.4482426806702124 0.2771564481885007
0 0.503031106490851 0.3291957487543946 0.48226673672002474 0.1462298906681119 0.4620566822264971 0.1485234827567204 0.48282105199732345 0.3314893408430031
0 0.5486675286814778 0.3345103055523012 0.5271521210243706 0.15036710999752687 0.5142558045673751 0.15187392378454398 0.5357712122244822 0.3360171193393183
0 0.6326067532536624 0.38891415695912707 0.5759275918806731 0.14757339464289815 0.540582270484694 0.15587428486946459 0.5972614318576833 0.3972150471856935
0 0.6949737208291551 0.4131258877809464 0.6530633672594678 0.13944547399732804 0.6274299171302585 0.143370880800372 0.6693402706999458 0.4170512945839904
0 0.7203942859317073 0.2661992494209061 0.69821126169169 0.14312782766774865 0.6790518437584979 0.1465812194168833 0.7012348679985152 0.26965264117004073
0 0.789519896875 0.42638408281249995 0.7489343146214559 0.1506956221319617 0.730721909074891 0.15337676838494735 0.7713074913284351 0.4290652290654856