0 0.3148033765490578 0.3406322182902171 0.26780276875000003 0.20617322656249998 0.23974209634387322 0.21598193211198788 0.286742704142931 0.35044092383970504
0 0.3501332403316576 0.21720253088913816 0.33984111875 0.21686829531250007 0.33461654245993744 0.3777487585200136 0.344908664041595 0.3780829940966517
0 0.4234817661140206 0.33896495612409405 0.37339281151790366 0.18323443098746045 0.3611513593816388 0.18717175502657185 0.41124031397775573 0.34290228016320545
0 0.4463831645212587 0.3713869083454077 0.4326763750496026 0.1884829483600154 0.41551184490227805 0.1897692551252055 0.4292186343739342 0.37267321511059787
0 0.5289103596883364 0.3088456382965027 0.5273004609374998 0.19965614218750002 0.4980032917537944 0.20008810201653712 0.49961319050463093 0.3092775981255398
0 0.5895748412215681 0.18532296573859255 0.5711359906993057 0.18332325008675068 0.5587571313775441 0.297465446483443 0.5771959818998066 0.2994651621352849
0 0.6225311421875002 0.20184493906250006 0.6033708045643373 0.2015294973898043 0.6016401233107151 0.3066533285377021 0.620800460933878 0.30696877021039787
0 0.7047611922050716 0.3331089035538957 0.6722362057842116 0.2008600419476713 0.6498671698291401 0.20636143214377553 0.6823921562499999 0.33861029374999996
0 0.766193799021883 0.3676841280604711 0.7493949142219084 0.20382878531672138 0.7326037507409766 0.20555025997998483 0.7494026355409511 0.36940560272373457
0 0.805825216883623 0.2212636330726599 0.7839919501648864 0.2173586165128289 0.7526164056494116 0.3927818500270056 0.7744496723681482 0.39668686658683655
0 0.857987887110303 0.372532841173222 0.8277099187499999 0.2137400515625 0.8128146667448884 0.2165802181093257 0.8430926351051916 0.3753730077200477
0 0.9173299445938149 0.37553624835143884 0.892029704877797 0.2333187884824241 0.8663869341358564 0.23788059297078662 0.8916871738518746 0.38009805283980136