0 0.27534150736886065 0.10749856958391046 0.26534484684879406 0.10625458230859793 0.24812010345628618 0.24467232633005614 0.2581167639763528 0.24591631360536867
0 0.3197508754544466 0.10785606263238608 0.30276483219078204 0.10657255679244951 0.294465307183194 0.2164092918194771 0.31145135044685857 0.2176927976594137
0 0.365394777766587 0.11602752114095571 0.35712400010854417 0.11400798459327192 0.3176641681599451 0.2756111488662365 0.325934945817988 0.2776306854139203
0 0.4062258947135821 0.12288480666587139 0.39626071116822636 0.12121960271538774 0.3701702528802292 0.27735435458576874 0.380135436425585 0.2790195585362524
0 0.4886787636833952 0.13184955987804214 0.4703660634652981 0.12821757403743203 0.4484540342996147 0.23869939827657957 0.4667667345177118 0.24233138411718969
0 0.5461128816657814 0.14008537617964906 0.5347930698910339 0.13995487437370366 0.5333878888868793 0.26184119128134137 0.5447077006616268 0.2619716930872868
0 0.6127667491182887 0.14033635952980458 0.5742907805628442 0.139760427145492 0.5726651227323148 0.24836477250456618 0.6111410912877593 0.24894070488887876
0 0.6474330013579985 0.14584796223079752 0.630819888372794 0.1385348587035603 0.5802428802342106 0.2534302034132955 0.5968559932194151 0.26074330694053266
0 0.7548367918780994 0.1468746869435567 0.7414235373316378 0.14519775699104276 0.720585101685599 0.31187808925617505 0.7339983562320607 0.313555019208689
0 0.814895034650313 0.30878440406564545 0.8040909238220146 0.1359214645706333 0.7883981909287681 0.13690227645473535 0.7992023017570663 0.3097652159497475
0 0.8555631356336069 0.15569859418754634 0.8407280859375001 0.15364878906250012 0.8210277080741231 0.2962262863398026 0.8358627577702297 0.2982760914648488
0 0.8961014547218078 0.30515142662762473 0.8941153740389147 0.15050456700435327 0.8710655333796069 0.15080058881422856 0.8730516140625 0.3054474484375