0 0.2574349443383468 0.2971245846739713 0.2529923008638909 0.14367719541470558 0.2454249980092873 0.14389628567625073 0.2498676414837432 0.29734367493551644
0 0.30117448989328055 0.15817414985918574 0.2925062961982143 0.15745843532476106 0.2796771855084242 0.31283493118415584 0.2883453792034904 0.31355064571858055
0 0.3557084508465436 0.1674234596742087 0.34802534964870635 0.1659863546265444 0.3226684506690791 0.301550293560895 0.33035155186691634 0.30298739860855933
0 0.4093841727119657 0.16592206532709627 0.3964787722499976 0.16387996574966754 0.3729544332575221 0.31254608304216946 0.38585983371949023 0.3145881826195982
0 0.5059570896522176 0.15358276070654994 0.49533214813454896 0.15278647322747868 0.48366701182392174 0.30843552505057464 0.49429195334159043 0.30923181252964593
0 0.547312420419547 0.25827471851843453 0.5417736453125 0.15076427343749998 0.5345275155540576 0.1511375830549821 0.5400662906611047 0.2586480281359166
0 0.594749134375 0.1591187281250001 0.581908015625 0.1591187281250001 0.581908015625 0.2774366343750001 0.594749134375 0.2774366343750001
0 0.6445116443013803 0.1708838311436635 0.6392905764376459 0.17045755738151044 0.6296637129408336 0.2883688906474794 0.6348847808045679 0.2887951644096324
0 0.7270652926320788 0.34200099775689496 0.7230222728535975 0.16751987897244977 0.701733476880127 0.1680131760339337 0.7057764966586082 0.3424942948183789
0 0.7980250859375001 0.30413948906250005 0.7681773242224577 0.16466261426217974 0.7611348413174865 0.16616969098676776 0.790982603032529 0.30564656578708804
0 0.8391134563414002 0.3179774852003148 0.8062056888563532 0.15241442690053064 0.7963217590774528 0.15437898388771581 0.8292295265624998 0.3199420421875
0 0.8645680499999999 0.33331660937499996 0.8540227796875 0.15810359062499998 0.8505837433716408 0.15831057049341365 0.8611290136841407 0.33352358924341363