0 0.3167824419833417 0.12290890419551989 0.29682107911331207 0.12189126576610435 0.28628329297033217 0.32859392848649305 0.3062446558403618 0.32961156691590865
0 0.35333575145856766 0.14320821458137548 0.32493496769042307 0.14139311288317624 0.31084064997718086 0.3619260285487022 0.33924143374532545 0.36374113024690147
0 0.4138510267699398 0.15345760387249494 0.39675090436538063 0.15014073451618676 0.3564768393025751 0.3577737065515094 0.3735769617071343 0.36109057590781757
0 0.4616495832144298 0.15006949883005533 0.44474399110813606 0.147753391286854 0.41497094514171556 0.3650710077972398 0.4318765372480093 0.3673871153404411
0 0.558576984541421 0.13450554234529796 0.5467419914536469 0.13389001413260987 0.535039393309998 0.358900282198527 0.5468743863977721 0.3595158104112151
0 0.6232722740971972 0.14286366524004984 0.5900749718749999 0.13466241406250004 0.5504217717192992 0.295171980364963 0.5836190739414965 0.30337323154251283
0 0.6479052502002564 0.3115312451693114 0.6468761778622077 0.13707724298779517 0.6234299823494514 0.13721554781848372 0.6244590546875 0.31166954999999996
0 0.698880175859877 0.15583620257979178 0.6840054968042409 0.15425306364258423 0.664657795891122 0.33603801932986627 0.6795324749467582 0.3376211582670738
0 0.7870045560746249 0.4118450382641221 0.7680714823231058 0.1531753092999781 0.7534010940776966 0.15424909378850732 0.7723341678292157 0.41291882275265135
0 0.8512612793693523 0.14461380371650687 0.8138423235018207 0.14355567991797616 0.8082136909073847 0.34260380163890075 0.8456326467749162 0.34366192543743146
0 0.8868571991780693 0.3848927053821992 0.8826904178694404 0.1401938631585828 0.8470261424550254 0.1408011616436601 0.8511929237636542 0.38550000386727656
0 0.9194211688294935 0.3503035039004205 0.905637401942678 0.14247099796831839 0.8669749109389968 0.14503515298761283 0.8807586778258123 0.35286765891971494