0 0.4336708335232323 0.2888701670554611 0.4075706467294097 0.09850326245423932 0.37823948561521215 0.10252470087371632 0.4043396724090348 0.2928916054749381
0 0.3434799255560658 0.10350444077367957 0.32493812512873205 0.10278454501145443 0.3181003723333734 0.27889927488720817 0.33664217276070724 0.2796191706494333
0 0.5113886684922562 0.263994297100358 0.5037898713572396 0.10356468620504622 0.480097292117999 0.10468689240027144 0.4876960892530155 0.26511650329558323
0 0.5557455913850599 0.23018684994401672 0.544873363934579 0.10620915024753944 0.5294999482730163 0.10755732231535886 0.5403721757234972 0.23153502201183612
0 0.6019399472220229 0.22311055821725473 0.5849541920863353 0.09737377083617699 0.5775636755238609 0.09837215410388346 0.5945494306595487 0.22410894148496122
0 0.6395100921875 0.1027796281250001 0.620577565625 0.1027796281250001 0.620577565625 0.2607755187500001 0.6395100921875 0.2607755187500001
0 0.7202911314985719 0.2960761703542503 0.7104873740531256 0.10443413510346403 0.6752060466493278 0.10623900831808822 0.6850098040947742 0.2978810435688745
0 0.7971585916735766 0.2647411036313869 0.7472160596153989 0.09294909172268986 0.736391000743366 0.09609609980380773 0.7863335328015436 0.2678881117125048
0 0.8526090084105078 0.3405631734508396 0.7993374286927534 0.10378373333156468 0.7866133920330521 0.10664643768168669 0.8398849717508066 0.3434258778009616
0 0.8919215375056236 0.2572045591139481 0.8558849429080079 0.10419693232462901 0.8429885908996091 0.10723430123797557 0.8790251854972249 0.2602419280272946
0 0.27808058880640196 0.2664306459805067 0.24335374455683417 0.0957618328655413 0.22900079019099748 0.09868230088595116 0.2637276344405653 0.26935111400091655
0 0.29239466152461047 0.23365487920662265 0.28803889377735165 0.09015311110255939 0.27344649846563207 0.09059604003433357 0.2778022662128909 0.2340978081383968