0 0.27918878066052877 0.28568581580206986 0.26448261654424227 0.10618054678615889 0.24572785086990456 0.10771705133269038 0.26043401498619106 0.2872223203486014
0 0.30352926672379504 0.12046675459787257 0.28911259395430955 0.11912291279619902 0.2729485869440035 0.2925296333053006 0.287365259713489 0.29387347510697415
0 0.37132547800317467 0.2628489515358525 0.3445202106124574 0.11431961886763678 0.3303395763815095 0.11687881499073267 0.35714484377222677 0.2654081476589484
0 0.4062419265382881 0.23450414471549927 0.37614532812500007 0.11406898750000001 0.3594712850310375 0.11823581046538131 0.3895678834443255 0.23867096768088056
0 0.4668587064291144 0.31583665936944383 0.45803857263231684 0.141124899475991 0.4456758138533889 0.1417490199507328 0.4544959476501865 0.3164607798441857
0 0.5294745769031833 0.25761906421062636 0.491711082009126 0.13257858622755664 0.46187606604344256 0.14158906420443032 0.4996395609374999 0.2666295421875
0 0.5779529526606997 0.27301191486463355 0.5602870722382322 0.13158052762290665 0.5369382921875 0.13449697187500004 0.5546041726099675 0.2759283591167269
0 0.6107383316756836 0.13376247703301375 0.591507670124664 0.13373072722940701 0.5912044437861845 0.3173930629365478 0.610435105337204 0.31742481274015455
0 0.7418557497082896 0.32449172185340014 0.7406219673506975 0.1335532406922824 0.7070097900007819 0.133770431649089 0.708243572358374 0.32470891281020675
0 0.7848805340728175 0.19031583653860368 0.7794868457160786 0.14484586082206258 0.7722432507057608 0.14570510240845894 0.7776369390624999 0.19117507812500004
0 0.79894999818606 0.2873046909780978 0.7877647839675649 0.19167379169568738 0.7750914938989328 0.19315608941885487 0.786276708117428 0.2887869887012653
0 0.8509207521143407 0.12702287049651811 0.8361747367361563 0.1257077983009039 0.8201635161176544 0.30524296469810863 0.8349095314958388 0.3065580368937228
0 0.9061262910196823 0.14767171699166853 0.8865747327477163 0.12299050260629243 0.8769303698530336 0.130630415302124 0.8964819281249998 0.15531162968750012
0 0.8964582798801441 0.15577805036592687 0.8766862925881487 0.15320325180688305 0.8458475743626431 0.3900150764501891 0.8656195616546386 0.39258987500923287