0 0.341968117146864 0.3193022238261739 0.2977520258418343 0.12786765647667625 0.25839270517042445 0.13695857114588408 0.30260879647545413 0.32839313849538176
0 0.547001153125 0.11916090000000006 0.50317185625 0.11916090000000004 0.50317185625 0.29628027656250006 0.547001153125 0.29628027656250006
0 0.6045678520153182 0.13811981316152053 0.5830370685976055 0.13580259863843552 0.566600685635773 0.28852397950163283 0.5881314690534857 0.29084119402471786
0 0.6413801782111969 0.14302627929679299 0.611481634194009 0.14197720997043134 0.6060613992905217 0.2964542571713565 0.6359599433077096 0.29750332649771816
0 0.7021337953125 0.1371107265625001 0.6810841984375 0.1371107265625001 0.6810841984375 0.3429930796875001 0.7021337953125 0.3429930796875001
0 0.3812724962478079 0.14770693669598367 0.3509897155818785 0.1442372999734551 0.3270648660393317 0.35305194804828516 0.35734764670526115 0.35652158477081375
0 0.46164936562500003 0.11976000937500005 0.436274509375 0.11976000937500005 0.436274509375 0.3475346015625001 0.46164936562500003 0.3475346015625001
0 0.452527662373873 0.32124156461687775 0.39828128584097144 0.11715942019764243 0.36535063607983076 0.12591260353712314 0.41959701261273236 0.32999474795635847
0 0.3996453019844089 0.11185371688380581 0.3965098554385734 0.10866999829478888 0.3863256648563573 0.11869977457379077 0.38946111140219275 0.12188349316280771
0 0.9153808133789807 0.397567980423387 0.9127904257341155 0.17260237032631415 0.891348615625 0.17284926406249998 0.8939390032698652 0.39781487415957284
0 0.8708754242961134 0.38317843683709263 0.8690537539329372 0.15229428883219925 0.8283470242992929 0.1526154639479282 0.8301686946624691 0.38349961195282156
0 0.8213230411632843 0.15666643480248071 0.7994897490743065 0.15229840660858573 0.751092946827919 0.3942065337343978 0.7729262389168968 0.39857456192829277
0 0.7761716574228436 0.37583180274793115 0.7756212056997518 0.14115025658565405 0.7506526591358932 0.14120882096663726 0.751203110858985 0.3758903671289143