0 0.18814273299173517 0.35275371269381245 0.16160020367107125 0.20377306035752546 0.13045631755433612 0.209321683601213 0.15699884687500004 0.35830233593750005
0 0.2269201975648075 0.21610440820432064 0.20588406850188085 0.2123186582189363 0.182868380249832 0.3402090340787763 0.20390450931275866 0.34399478406416056
0 0.3228103066369047 0.2064406844539431 0.3063578568210459 0.2009105027193973 0.25282561135492126 0.3601704736096657 0.26927806117078007 0.3657006553442115
0 0.4012620670471764 0.20179874850848561 0.39211737698940885 0.2003173445588442 0.3597766741073871 0.3999561427259674 0.36892136416515464 0.4014375466756088
0 0.5522712349622191 0.21633424522076378 0.526856890717818 0.21068826511193633 0.49491287455626054 0.3544783967861946 0.5203272188006616 0.360124376895022
0 0.6321717815509174 0.22818828578476352 0.5943401708490724 0.21402020416950557 0.5172437552629965 0.4198830485660994 0.5550753659648413 0.4340511301813573
0 0.6516069613859947 0.22120344118697632 0.6372635860287945 0.21923024550979447 0.6050643527677998 0.4532899965103182 0.6194077281249999 0.4552631921875
0 0.7173408296875002 0.23957525937500015 0.6954562545515669 0.2352018354979286 0.6594345381797836 0.4154541916888008 0.6813191133157168 0.4198276155658724
0 0.767689730292956 0.22974477317960323 0.7417148871724806 0.22908142731012487 0.736441841043017 0.43555975525623036 0.7624166841634925 0.4362231011257087
0 0.49568092731963775 0.20599042937428846 0.48345988821712094 0.20379853365697645 0.4521571515624999 0.37832872031250003 0.46437819066501673 0.3805206160298121
0 0.4455548089598408 0.37647725335670323 0.4451626131243434 0.3511805667115106 0.4389343949636106 0.35127712802246286 0.439326590799108 0.3765738146676555
0 0.453163971926324 0.4107607585960732 0.44591072023336126 0.20110957050125208 0.4248324371185008 0.2018388107887837 0.4320856888114636 0.4114899988836048
0 0.25881150983323636 0.20964183806239287 0.24047447174354133 0.20734935707472033 0.21819967753897435 0.3855204092952862 0.23653671562866938 0.38781289028295873