0 0.2625400449938874 0.30958421346107584 0.2515422856812785 0.16562596099840532 0.24154491724989113 0.16638971472482947 0.25254267656249996 0.31034796718749996
0 0.29084152219773735 0.17812388469230317 0.2818525907188377 0.17705217167829962 0.26631352833349564 0.30738516680205413 0.27530245981239526 0.3084568798160577
0 0.3536558337365718 0.31336133595788873 0.32933544891880095 0.1704095709102609 0.3147320948697291 0.17289403963987224 0.33905247968749996 0.31584580468750006
0 0.3873965311780912 0.28509501612065763 0.36515772812499997 0.1754325265625 0.3517009313219088 0.17816147294184242 0.37393973437500005 0.28782396250000003
0 0.4468234275342661 0.3238811677754544 0.44235717035441935 0.20316277826356344 0.4373448725076532 0.203348219863109 0.44181112968749997 0.324066609375
0 0.5016948977865473 0.28048094298296006 0.47683737031250006 0.19780471406249997 0.469361627713287 0.2000523791952145 0.4942191551873343 0.2827286081156746
0 0.5586650624313905 0.29218831271148893 0.5284835504192473 0.19416274787355717 0.5196550634847122 0.19688098861926734 0.5498365754968555 0.2949065534571991
0 0.5964401886172123 0.3215065587200418 0.5901798696021097 0.20067595228993707 0.5776933582356734 0.20132288725822933 0.583953677250776 0.32215349368833407
0 0.7274138448466996 0.338469814884556 0.6984117640625 0.19766825312499997 0.6853460362127948 0.20035951087715906 0.7143481169969943 0.3411610726367151
0 0.7793463093749999 0.349709775 0.7690114867933386 0.19169228228003665 0.7551334574009421 0.19259994743206943 0.7654682799826035 0.3506174401520328
0 0.8372649937500002 0.19353546718750012 0.8241791285588651 0.19210417071658198 0.8056831547452916 0.3612066766061729 0.8187690199364267 0.362637973077091
0 0.8823443637987705 0.19860640630032936 0.8729207833803342 0.19737612145799238 0.8510995950116531 0.36451930354215606 0.8605231754300894 0.36574958838449306