0 0.2936210241650824 0.3545420360615684 0.2779789911763091 0.15259304876781757 0.25575940797258695 0.15431407474634284 0.2714014409613602 0.35626306204009367
0 0.32445158394289003 0.3241036090669978 0.32014523883287854 0.15012719322024384 0.31061963284926175 0.1503629754470922 0.3149259779592733 0.32433939129384615
0 0.36650718324079595 0.1420912993655486 0.34833889306233085 0.14126366425713896 0.33862893225337587 0.35441724342031733 0.35679722243184103 0.3552448785287269
0 0.4073437948559414 0.36288284059589665 0.4038138899489151 0.14782477918171116 0.38287743889595455 0.1481684244318431 0.3864073438029809 0.3632264858460285
0 0.4669158851387983 0.15901533162342738 0.4514954391286006 0.15867654485492258 0.44746915175300706 0.34193974421449613 0.4628895977632047 0.342278530983001
0 0.5369687748734597 0.15421743567568283 0.518147310359505 0.14924598264743552 0.46779856831315947 0.33986169526971616 0.4866200328271142 0.34483314829796347
0 0.571642173851102 0.1583475934402488 0.5538446561021924 0.1568532738140161 0.5405635156361116 0.31503317657467483 0.5583610333850213 0.31652749620090753
0 0.6416448761202165 0.1615585279205236 0.6234287976901944 0.15900341257143463 0.596555392276964 0.3505908729433225 0.6147714707069861 0.35314598829241145
0 0.7261983967569039 0.3860868685928571 0.7195598982176654 0.17465986450432855 0.6816867614874537 0.17584902557646204 0.6883252600266921 0.38727602966499064
0 0.811004274407386 0.1674779871274846 0.7937236072594123 0.16497218796976557 0.769601720527547 0.33132322784078394 0.7868823876755208 0.333829026998503
0 0.8544733841406508 0.3328778115022267 0.8449956185154359 0.17389742868367591 0.8366417591987982 0.174395451894247 0.8461195248240131 0.3333758347127977
0 0.7806281738708798 0.16568498636840234 0.761867490517322 0.16185749044893932 0.7298518834088821 0.31878376286613486 0.7486125667624398 0.3226112587855979