0 0.21786188072700613 0.21240768742336974 0.19644533533892297 0.20970438226646165 0.17470654829204638 0.3819267887090276 0.19612309368012953 0.38463009386593566
0 0.250572560933061 0.37285119088451335 0.2498301344214214 0.2062956516125743 0.24111791056038187 0.20633448662219359 0.2418603370720215 0.37289002589413267
0 0.30609097061719553 0.20933261177554482 0.2843745616606698 0.20761832678050057 0.2704175137317935 0.3844249613398171 0.2921339226883192 0.3861392463348613
0 0.35490733636423044 0.21333060826850175 0.34326142048286884 0.21100444093524118 0.31149021641334396 0.3700664158640291 0.3231361322947056 0.3723925831972897
0 0.4524391287609538 0.404500801753541 0.44627893564650717 0.20885508963537544 0.4389375891853227 0.20908624273058685 0.4450977822997694 0.40473195484875246
0 0.48999203288684245 0.20912494091050746 0.48086555952162796 0.20812359684296303 0.4633827758338797 0.367465590117377 0.4725092491990942 0.36846693418492144
0 0.5453042478588002 0.20099619864732646 0.5338346220453193 0.20059934889145295 0.5273684210194565 0.3874834406761264 0.5388380468329373 0.3878802904319999
0 0.5919581524991243 0.20506773238524176 0.5808413919187546 0.2040553211570148 0.5680038772240386 0.3450173861057278 0.5791206378044083 0.3460297973339547
0 0.6563402608672766 0.2023038483472507 0.648566896875 0.20139100312500005 0.6251237928244132 0.40102153900569126 0.6328971568166899 0.40193438422794187
0 0.7005228887855643 0.20184528108628896 0.6858658423716454 0.20131225282003906 0.678981835095531 0.39060655585885506 0.69363888150945 0.39113958412510497
0 0.7416064387674537 0.20663547457723447 0.7286119682415676 0.20597347536368077 0.7185141607330047 0.4041846806938379 0.7315086312588907 0.4048466799073916
0 0.7819969015077122 0.2051483688331781 0.7725114203061544 0.204747141142864 0.7647759892325351 0.3876215733070946 0.7742614704340929 0.38802280099740877