0 0.19731595574384075 0.3531151087398129 0.19187961138811369 0.22780047419038002 0.15661984278505953 0.22933009796272436 0.16205618714078657 0.3546447325121572
0 0.24188048160005074 0.22051868904263983 0.22640153183287137 0.21868042230186532 0.208237752045841 0.37162679763969886 0.22371670181302034 0.3734650643804734
0 0.28850867990527185 0.21393916526614434 0.27286014999999997 0.21264381562500004 0.2598672723359069 0.3696048616808622 0.2755158022411788 0.37090021132200657
0 0.32872447114306025 0.22359586933686254 0.3159723767715243 0.22201210457918874 0.2944017580053756 0.3956935587380591 0.30715385237691156 0.3972773234957329
0 0.4377657021018308 0.3887189150784409 0.436268530593037 0.2297788299008428 0.4102454268795033 0.23002396031842592 0.41174259838829713 0.3889640454960241
0 0.486582132734914 0.23507242874138293 0.47411842033935825 0.23504296436261543 0.4736906721090882 0.4159845332267443 0.486154384504644 0.41601399760551167
0 0.5363093211748208 0.22741467309222113 0.5223186600872536 0.22639500795369863 0.510139182719153 0.39350765468760673 0.5241298438067201 0.39452731982612926
0 0.6080512130413301 0.4253477393732692 0.6054360357017531 0.21043838728135777 0.5871637357139072 0.21066073826052656 0.5897789130534842 0.425570090352438
0 0.6530261768898732 0.2343677432386675 0.621576307788733 0.23204369741006659 0.6081763993470277 0.4133763377877287 0.639626268448168 0.41570038361632955
0 0.6935235963076402 0.2439032559196293 0.6824614749781417 0.24282875583503322 0.6669163688716742 0.40286769142461554 0.6779784902011726 0.40394219150921157
0 0.7374574520390456 0.23447548663885093 0.7184561391145246 0.2317792514615588 0.6883645936689508 0.4438449036751925 0.7073659065934719 0.44654113885248464
0 0.7960646560284513 0.2383112846133205 0.78224446657904 0.23645972335051643 0.7575238612416895 0.42097613980919724 0.7713440506911009 0.4228277010720013