0 0.2838473525745126 0.11306945491294199 0.2723820223903587 0.11226046150246483 0.259983769367201 0.28797272661639706 0.271449099551355 0.2887817200268742
0 0.32546107343749997 0.11683737031250004 0.31691524612233796 0.11222710224108703 0.3040169075823459 0.1361361183997694 0.31256273489750785 0.1407463864711824
0 0.32178311617240807 0.20331116866126853 0.31428570241958625 0.14098404060318645 0.3085183622318477 0.14167780168263902 0.3160157759846695 0.2040049297407211
0 0.3314372939218137 0.2107576936052907 0.317488397086792 0.20811696732599055 0.30309983441497834 0.2841205190331999 0.31704873125000005 0.2867612453125
0 0.37168081413469933 0.12915279455037748 0.3573645937399088 0.12612180768858502 0.31073961875 0.3463449390625001 0.3250558391447905 0.3493759259242925
0 0.4283622706406489 0.13954004392448632 0.4065821796875001 0.13342236093750007 0.35900074643961166 0.3028211261276383 0.3807808373927605 0.30893880911462457
0 0.4972565164622635 0.13742208721739932 0.479223109159512 0.1330029146414587 0.4370431755774617 0.30512742646281843 0.4550765828802132 0.30954659903875903
0 0.5547389117644128 0.2790974904934285 0.5532800715741476 0.1511646301909065 0.5413679055933159 0.15130046664797353 0.5428267457835811 0.2792333269504955
0 0.6165113880890467 0.14891897783608013 0.5812091770791834 0.14443304842373011 0.5599704294154721 0.3115722703529483 0.5952726404253355 0.31605819976529836
0 0.6456359876787976 0.14247438291765704 0.632430722941018 0.1407068210149407 0.6071636372753734 0.3294744986019262 0.620368902013153 0.3312420605046425
0 0.7622150829341405 0.14412011854989631 0.7443071377354449 0.14301740011397798 0.7290225562108674 0.3912362014067935 0.7469305014095631 0.39233891984271174
0 0.8301034847272728 0.32028719622388235 0.8058173654558181 0.13893826919064736 0.7887590751609495 0.14122270328929715 0.8130451944324042 0.32257163032253217
0 0.8578500578125 0.1513615921875001 0.8410299890624999 0.1513615921875001 0.8410299890624999 0.3471760375000001 0.8578500578125 0.3471760375000001
0 0.9054823943550335 0.14896326165094048 0.8795524796875 0.14581574375000012 0.8527140637640505 0.36691626060453525 0.878643978431584 0.3700637785054756