0 0.22102232262424243 0.19768291343649425 0.18720472008153646 0.19391101712415676 0.17378950468750004 0.3141875 0.207607107230206 0.31795939631233755
0 0.28578171456571877 0.3541608981137703 0.26840148015406 0.1996444518861144 0.24554157413263558 0.20221576733492733 0.26292180854429437 0.3567322135625832
0 0.31223749039677784 0.34507755805567203 0.3081705016764153 0.20464322570950597 0.287379789953601 0.20524532626890885 0.2914467786739635 0.3456796586150749
0 0.3633204361676988 0.21790961900463124 0.34513744081698916 0.2101180859927227 0.2917201865487237 0.3347772107789534 0.3099031818994334 0.3425687437908619
0 0.4425870917175237 0.20778406648077805 0.42666881827017855 0.20663299102382776 0.4115678351078267 0.4154651556318346 0.42748610855517183 0.41661623108878487
0 0.49826213509425277 0.2027512668074245 0.4792801328442235 0.19898189908141622 0.4527103118757337 0.33278375606841026 0.4716923141257629 0.33655312379441854
0 0.5432316035951543 0.19699319096351303 0.5317060995679755 0.19541379341663642 0.5065172515582848 0.37922702634827876 0.5180427555854635 0.38080642389515534
0 0.6132413355929127 0.20774238464228065 0.5973955565158374 0.20215876024737414 0.5361128107929938 0.376073189528575 0.551958589870069 0.3816568139234815
0 0.6718195345801361 0.4115542611368978 0.6715818867767143 0.20743019739308477 0.6560196264564385 0.2074483154773202 0.6562572742598604 0.4115723792211333
0 0.7199461280760591 0.5016919610032649 0.7147529214652314 0.21158411736531968 0.6875696810034653 0.212070723250564 0.6927628876142929 0.502178566888509
0 0.7582440561363073 0.21356869020215882 0.7146317293011053 0.2108108528633902 0.6996087078125 0.4483843000000002 0.743221034647702 0.45114213733876884
0 0.8292954045200723 0.21043377276849445 0.80582814375 0.20390008593750011 0.7420055394400833 0.43313386115626373 0.7654728002101556 0.4396675479872581