0 0.20195014346809162 0.18972198215456557 0.18360221818639383 0.18809105939067336 0.17112176788559327 0.3284964634176212 0.1894696931672911 0.3301273861815134
0 0.24729146722404977 0.3023092189907213 0.24510056541706615 0.19297883058731374 0.23088391392189447 0.19326372198763603 0.2330748157288781 0.30259411039104356
0 0.2996508134918815 0.19837004908277112 0.28017690987380905 0.19570152301593058 0.2564966378518124 0.36851127771024633 0.27597054146988487 0.37117980377708687
0 0.3483736263493927 0.1976645995183789 0.3380088359502075 0.19561872846210218 0.31016104049810933 0.3367012087361375 0.3205258308972946 0.33874707979241425
0 0.4381988987076399 0.18835240107421475 0.4226286254108855 0.18633637082406226 0.4014798956735854 0.34967295858808817 0.4170501689703398 0.3516889888382407
0 0.4845088997989847 0.20088151915391012 0.4738682466794133 0.20031789562107472 0.4627349679790277 0.41050315197179854 0.4733756210985991 0.41106677550463394
0 0.5308032488026262 0.22975654498439496 0.5194894580503779 0.2292804066294163 0.5113389366995749 0.42294952007197384 0.5226527274518231 0.42342565842695257
0 0.5780606679922531 0.20196628376115613 0.567328062522886 0.20148171109425744 0.5580340645889463 0.4073307402945433 0.5687666700583134 0.407815312961442
0 0.6675485151430501 0.1965477652580764 0.6444253171875001 0.19153503437500005 0.5952845535186606 0.4182161853296117 0.6184077514742107 0.42322891621268804
0 0.7128721026080265 0.19834542464087096 0.6987164425509854 0.1947868217660777 0.6441724467651901 0.4117557530186981 0.6583281068222313 0.4153143558934914
0 0.7524869240472706 0.20292592932144476 0.7408584446622851 0.20089104804467833 0.7024823145812518 0.42019427846800445 0.7141107939662372 0.42222915974477077
0 0.7930413419035603 0.203456376081036 0.7777479144890567 0.20247054594826647 0.7618134777900509 0.4496654154767949 0.7771069052045545 0.4506512456095644